-5.720000000000000284e+01
-1.853000000000000114e+01
-1.066000000000000014e+01
-4.790000000000000036e+00
-4.160000000000000142e+00
-2.589999999999999858e+00
-2.509999999999999787e+00
-2.379999999999999893e+00
-1.790000000000000036e+00
-1.729999999999999982e+00
-1.560000000000000053e+00
-8.399999999999999689e-01
-7.800000000000000266e-01
-4.899999999999999911e-01
-4.699999999999999734e-01
-1.100000000000000006e-01
-1.000000000000000021e-02
1.000000000000000056e-01
1.199999999999999956e-01
2.000000000000000111e-01
4.500000000000000111e-01
5.699999999999999512e-01
7.199999999999999734e-01
8.100000000000000533e-01
8.599999999999999867e-01
9.399999999999999467e-01
9.499999999999999556e-01
9.599999999999999645e-01
1.000000000000000000e+00
1.070000000000000062e+00
1.090000000000000080e+00
1.189999999999999947e+00
1.209999999999999964e+00
1.250000000000000000e+00
1.290000000000000036e+00
1.310000000000000053e+00
1.320000000000000062e+00
1.330000000000000071e+00
1.479999999999999982e+00
1.570000000000000062e+00
1.580000000000000071e+00
1.610000000000000098e+00
1.709999999999999964e+00
1.719999999999999973e+00
1.729999999999999982e+00
1.909999999999999920e+00
1.909999999999999920e+00
1.919999999999999929e+00
1.939999999999999947e+00
1.979999999999999982e+00
2.109999999999999876e+00
2.169999999999999929e+00
2.189999999999999947e+00
2.229999999999999982e+00
2.450000000000000178e+00
2.700000000000000178e+00
2.750000000000000000e+00
3.640000000000000124e+00
4.410000000000000142e+00
4.730000000000000426e+00
4.980000000000000426e+00
5.549999999999999822e+00
6.500000000000000000e+00
1.619000000000000128e+01
